Unit,Harvest,Boars,Sows,Fall,Spring,Bait,Hounds,Incidental,"Still Stalk"
1  160  109  50  58  102    1  12  137
2  33  22  11  15  18  13  11  2  7
3  45  27  18  16  29  32  8    4
4  184  106  78  47  137  107  32  8  30
4A  27  17  10  6  21  12  9    5
5  30  15  15  14  16  13  10  1  5
6  131  78  53  35  96  61  33  11  23
7  106  74  32  13  93  80  3    21
8  15  6  9  8  7  5  4  2  4
8A  82  43  39  32  50  34  23  11  13
9  8  2  6  6  2  1  1    6
10  157  115  42  42  115  123  4  6  22
10A  144  88  56  63  81  39  73  10  20
11  50  28  22  7  43  6  3  1  39
11A  35  24  11  8  27  17  1  6  11
12  145  111  34  20  125  129  6  1  9
13  45  26  19  12  33  20  11  2  12
14  98  57  40  48  50  32  21  3  41
15  86  46  40  22  64  62  15  2  7
16  33  23  10  2  31  25  1  2  3
16A  5  3  2  1  4  2    2  1
17  80  53  25  22  58  53    5  18
18  32  24  8  14  18  2  9  3  18
19  28  19  9  7  21  9    3  16
19A  30  20  10  8  22  11  1  3  15
20  21  18  3  11  10  7    1  13
20A  31  22  9  4  27  14    2  14
21  48  31  17  12  36  22  1  3  20
21A  36  17  19  13  23  25  2  3  6
22  1  1    1          1
23  90  59  31  33  57  40  27  8  14
24  106  57  49  46  60  64  15  14  11
25  29  17  12  7  22  15    3  11
26  11  9  2  3  8  2    1  8
27  36  22  14  19  17  12    8  16
28  79  49  30  19  60  42  4  2  30
29  30  14  16  4  26  20  4  1  4
30  31  21  10  15  16  2  2  6  18
30A  6  2  4  3  3  1    1  4
31                  
32  2  2    1  1    1    1
32A  1    1    1        1
33  124  70  52  18  106  66  15  6  33
34  8  3  5  3  5  2  4    2
35  18  10  8  3  15  14      4
36  19  12  7  6  13  10    4  4
36A  5  4  1  4  1  1    4  
36B  14  7  7  3  11  9    3  2
37  9  5  4  6  3  1  2  3  2
37A  11  8  3  6  5  6    3  2
38                  
39  261  155  106  41  220  135  20  21  78
40                  
41                  
42                  
43  64  40  24  10  54  32  4  6  22
44  28  18  10  5  23  13  2  3  8
45  14  10  4  2  12  10    1  3
46                  
47                  
48  25  15  10  2  23  10    2  11
49  15  10  5  5  10  4  1  2  8
50  22  12  10  5  17  7  2  4  2
51  7  5  2  1  6  5  1  1  
52  1  1    1        1  
52A                  
53                  
54                  
55                  
56                  
57                  
58  6  3  3  3  3  2    2  2
59  14  11  3  7  7  5  2  4  2
59A  8  4  3  3  5  1    3  2
60  12  8  4  6  6  5  2  1  2
60A  1  1      1        
61  33  20  12  15  18  6  1  5  20
62  42  27  14  25  17      10  32
62A  25  15  10  17  8  1    2  19
63                  
63A                  
64  12  10  2  6  6  6  2    
65  20  11  9  11  9  10  1  8  1
66  15  8  7  5  10  7  2  3  1
66A  16  5  11  7  9  8    3  2
67  46  27  19  14  32  26  3  5  10
68                  
68A                  
69  14  11  3  4  10  9  2  2  
70  1  1    1    1      
71  2  1  1  2        1  1
72                  
73                  
73A                  
74                  
75                  
76  28  20  8  11  17  5  9  1  2
77                  
78 

