"Take Method",Unit,Harvest,Hunters,Success%,Days,Antlered,Antlerless,%4+Pts,%5+Pts,%Whitetail
AnyWeapon 1 3438 7530 46 52955 2584 854 44.5 16 94.3
AnyWeapon 2 1300 3359 39 24074 920 380 50 15.6 99.2
AnyWeapon 3 910 3263 28 19218 673 236 38.2 18.3 98.4
AnyWeapon 4 498 3019 16 18225 368 130 53.4 14.6 88.4
AnyWeapon 4A 238 624 38 3886 184 54 N/A 23.2 100
AnyWeapon 5 1109 2590 43 18403 823 286 N/A 21.6 100
AnyWeapon 6 1118 3168 35 23215 756 362 28 20.9 92.3
AnyWeapon 7 29 207 14 1162 21 8 23.9 0 64.5
AnyWeapon 8 836 2224 38 15443 628 208 37.7 27 95
AnyWeapon 8A 1703 4366 39 30422 1208 496 54.2 22.9 98.6
AnyWeapon 9 5 31 17 168 N/A 5 N/A N/A 100
AnyWeapon 10 111 432 26 2888 66 45 100 15 93.8
AnyWeapon 10A 2214 4760 46 31889 1558 657 72.9 20.9 99.1
AnyWeapon 11 680 1579 43 10322 498 182 N/A 21.9 100
AnyWeapon 11A 408 1333 31 8166 316 92 N/A 22.3 100
AnyWeapon 12 73 235 31 1411 59 15 15 12 80.5
AnyWeapon 13 210 493 43 3137 117 93 N/A 24.7 100
AnyWeapon 14 617 1830 34 9198 428 189 0 19.8 98.2
AnyWeapon 15 946 2265 42 12319 594 353 50 13 98.9
AnyWeapon 16 334 736 45 3596 237 97 0 8.6 98.1
AnyWeapon 16A 29 114 26 689 19 10 100 0 84
AnyWeapon 17 183 462 40 2592 146 37 62.9 30.3 56.1
AnyWeapon 18 289 791 36 3547 205 84 0 13.4 98.1
AnyWeapon 19 128 462 28 2706 95 33 51.8 39.3 24
AnyWeapon 19A 123 524 23 3210 108 15 35.2 26.5 22.3
AnyWeapon 20 78 226 35 1268 78 N/A 45.9 3 48.3
AnyWeapon 20A 56 183 30 1025 56 N/A 54.9 28.3 29.3
AnyWeapon 21 250 627 40 3363 243 7 40.4 10.9 12.5
AnyWeapon 21A 207 584 36 3120 195 13 30.5 5.5 31.4
AnyWeapon 22 320 1340 24 5519 212 108 0.6 9.6 18.6
AnyWeapon 23 472 1793 26 9509 414 58 47.7 12.1 44.5
AnyWeapon 24 290 1699 17 8871 221 69 39.2 18.4 38.9
AnyWeapon 25 149 681 22 3194 142 7 46.8 N/A 0
AnyWeapon 26 61 168 36 1044 61 N/A 47 N/A 0
AnyWeapon 27 270 801 34 4679 270 N/A 50 N/A 0
AnyWeapon 28 465 1226 38 6082 450 15 31.9 7.9 8.3
AnyWeapon 29 292 849 34 4116 277 15 26.6 23.9 24
AnyWeapon 30 309 802 38 3534 278 31 21.8 30.7 30.2
AnyWeapon 30A 15 44 35 210 15 N/A 0 75.7 43.1
AnyWeapon 31 222 1010 22 3595 215 7 41.7 N/A 1.5
AnyWeapon 32 679 2421 28 8853 555 124 34.7 0 2.2
AnyWeapon 32A 465 2272 20 9872 448 16 34.2 21.8 5.2
AnyWeapon 33 312 1285 24 6098 297 15 32.7 29.8 14.2
AnyWeapon 34 47 281 17 1492 47 N/A 43.8 N/A 0
AnyWeapon 35 88 415 21 2108 88 N/A 25.4 N/A 0
AnyWeapon 36 207 806 26 3792 204 3 41.1 N/A 0
AnyWeapon 36A 184 476 39 1790 180 3 17.8 0 10.3
AnyWeapon 36B 484 1059 46 4902 484 N/A 35.3 0 1.2
AnyWeapon 37 118 343 34 1478 106 13 19.6 47.4 28.4
AnyWeapon 37A 57 183 31 859 54 3 21.6 0 11.7
AnyWeapon 38 159 486 33 1829 82 77 34.7 N/A 0
AnyWeapon 39 2500 10347 24 45811 2012 489 29.9 0 1.5
AnyWeapon 40 590 2049 29 6484 573 17 1.5 0 0.2
AnyWeapon 41 166 480 35 1533 163 3 0 N/A 0
AnyWeapon 42 50 229 22 696 50 N/A 6.7 N/A 0
AnyWeapon 43 912 3304 28 14010 769 144 29.4 N/A 0.7
AnyWeapon 44 18 74 24 234 11 7 50 N/A 0
AnyWeapon 45 3 66 5 341 N/A 3 N/A N/A 0
AnyWeapon 46 418 1635 26 7362 347 70 22.8 N/A 0
AnyWeapon 47 2 35 6 194 2 N/A 50 N/A 0
AnyWeapon 48 557 1803 31 8064 554 3 42.7 0 1.6
AnyWeapon 49 661 2113 31 9100 661 N/A 28.2 N/A 0
AnyWeapon 50 474 1694 28 7195 467 7 34.2 48 5
AnyWeapon 51 161 771 21 3092 158 3 26.1 0 8.3
AnyWeapon 52 11 85 13 299 11 N/A 60.6 N/A 0
AnyWeapon 52A 230 1221 19 5692 194 37 30.5 N/A 0
AnyWeapon 53 119 348 34 1537 98 21 21.2 0 4.6
AnyWeapon 54 11 72 15 234 5 5 0 N/A 0
AnyWeapon 55 5 46 12 174 5 N/A 0 N/A 0
AnyWeapon 56 421 1597 26 6342 421 N/A 22.5 N/A 0
AnyWeapon 57 11 55 20 197 11 N/A 50 N/A 0
AnyWeapon 58 109 414 26 1374 102 7 24.8 0 9.4
AnyWeapon 59 212 804 26 2858 211 2 20.4 0 4.8
AnyWeapon 59A 124 493 25 1741 118 6 11.3 N/A 2.7
AnyWeapon 60 209 1071 20 4598 190 19 21.7 13.7 25.4
AnyWeapon 60A 346 1114 31 4756 330 16 16.1 21.6 13.9
AnyWeapon 61 130 897 14 3755 125 5 38.6 9 26.2
AnyWeapon 62 84 402 21 1957 81 3 38.2 40.6 45.4
AnyWeapon 62A 52 303 17 1239 51 2 68.1 50 9.2
AnyWeapon 63 49 238 21 849 41 8 74 0 24.2
AnyWeapon 63A 93 352 26 1342 53 40 0 23.6 94.2
AnyWeapon 64 64 397 16 1781 56 8 8.1 23.1 34.9
AnyWeapon 65 50 222 23 987 50 N/A 67.4 0 19.5
AnyWeapon 66 130 835 16 3586 123 7 24.4 0 16.7
AnyWeapon 66A 84 530 16 2114 84 N/A 43.2 N/A 0
AnyWeapon 67 81 601 13 2586 72 8 32.4 0 33.6
AnyWeapon 68 88 515 17 1858 88 N/A 45 N/A 0
AnyWeapon 68A 0 23 0 62 N/A N/A N/A N/A N/A
AnyWeapon 69 508 2044 25 7636 501 7 30 0 10.8
AnyWeapon 70 23 69 33 207 23 N/A 61.8 N/A 0
AnyWeapon 71 330 1164 28 4528 329 1 32 N/A 0
AnyWeapon 72 196 699 28 2692 196 N/A 36.1 0 1.7
AnyWeapon 73 54 220 25 795 53 1 31.7 0 3
AnyWeapon 73A 220 906 24 3466 220 N/A 20.8 0 1.5
AnyWeapon 74 417 1117 37 4837 417 N/A 34.3 0 0.3
AnyWeapon 75 257 1007 26 4404 257 N/A 35.8 N/A 0
AnyWeapon 76 1075 2608 41 11231 1075 N/A 30.3 0 0.8
AnyWeapon 77 263 879 30 3891 263 N/A 36.9 0 5.4
AnyWeapon 78 11 58 20 214 11 N/A 29.5 N/A 0