Hunt#,TakeMethod,Area,Hunters,Harvest,Success%,Days,Antlered,Antlerless,%Spike,%6+Pts
2001 AnyWeapon 11 38 19 49 245 19 0 68.8
2002 AnyWeapon 18 102 48 47 608 48 15.6 36.9
2003 AnyWeapon 19A 11 4 38 89 4 0 29.4
2004 AnyWeapon 23 9 2 28 49 2 0 50
2005 AnyWeapon 29 174 77 44 1461 77 1.3 42.3
2006 AnyWeapon 30 149 59 40 1334 59 12.8 41.6
2007 AnyWeapon 30-1 32 26 81 135 26 4.7 83.3
2008 AnyWeapon 31 98 28 28 828 26 1 4.8 43.8
2009 AnyWeapon 36A-1 59 31 53 424 31 10.4 59.4
2010 AnyWeapon 36A-2 121 78 64 763 78 5.7 55.1
2011 AnyWeapon 37 96 48 50 621 48 11 48.3
2012 AnyWeapon 37A 97 45 46 697 45 5.8 44.2
2013 AnyWeapon 40 59 30 51 569 30 0 81.4
2014 AnyWeapon 40-1 6 6 100 30 6 0 100
2015 AnyWeapon 41-1 30 15 51 187 15 0 79.4
2016 AnyWeapon 41-1 32 13 42 213 13 0 59.7
2017 AnyWeapon 42 13 8 62 83 8 0 100
2018 AnyWeapon 43 19 5 29 161 5 0 55.1
2019 AnyWeapon 43 101 46 45 752 46 5.3 57.2
2020 AnyWeapon 44 21 15 70 99 15 0 85.6
2021 AnyWeapon 44 170 95 56 1175 95 7.5 55
2022 AnyWeapon 45 50 21 41 424 21 7.3 61.5
2023 AnyWeapon 45 96 64 67 763 64 3.9 62
2024 AnyWeapon 45 42 30 72 247 30 0 90.2
2025 AnyWeapon 46-1 23 10 42 200 10 0 100
2026 AnyWeapon 46-2 38 9 24 286 9 0 70.1
2027 AnyWeapon 48 19 7 38 91 7 18.2 81.8
2028 AnyWeapon 48 129 58 46 834 58 12.4 82.2
2029 AnyWeapon 49 26 16 63 150 16 7.6 67.5
2030 AnyWeapon 49 181 101 56 1099 101 5.5 76.6
2031 AnyWeapon 50-1 25 15 62 110 15 10.4 64.4
2032 AnyWeapon 50-1 118 77 66 582 77 1.8 64.8
2033 AnyWeapon 51 10 8 83 68 8 0 100
2034 AnyWeapon 51 126 60 48 858 60 4.2 30.3
2035 AnyWeapon 52 43 8 19 293 8 0 66.4
2036 AnyWeapon 52 47 18 37 404 18 0 53.8
2037 AnyWeapon 52A-1 78 52 67 658 52 7.8 69.1
2038 AnyWeapon 54 20 12 62 152 12 0 91.2
2039 AnyWeapon 55-1 45 32 71 502 32 4 67.1
2040 AnyWeapon 56-1 24 18 74 206 18 8.3 84.7
2041 AnyWeapon 58-1 83 51 61 697 51 0 43.2
2042 AnyWeapon 60-1 36 22 63 223 22 5.4 56.8
2043 AnyWeapon 60-2 131 106 81 1006 106 9.3 47.6
2044 AnyWeapon 61 49 12 24 241 12 33.2 44.2
2045 AnyWeapon 66A-1 51 38 75 266 37 1 3.1 85.4
2046 AnyWeapon 66A-1 398 199 50 1648 199 3.9 47.9
2047 AnyWeapon 70-1 25 16 62 117 16 8.5 72.1
2048 AnyWeapon 70-1 252 106 42 1210 106 2.8 67
2049 AnyWeapon 75-1 26 14 56 175 14 0 70.8
2050 AnyWeapon 1-1 134 70 53 1676 70 
2051 AnyWeapon 2-1 41 16 38 418 16 
2052 AnyWeapon 3-1 45 28 62 350 28 
2053 AnyWeapon 3-2 89 49 56 742 49 
2054 AnyWeapon 5-1 92 47 50 786 47 
2055 AnyWeapon 6-1 28 24 84 318 24 
2056 AnyWeapon 8-1 68 26 38 763 26 
2057 AnyWeapon 8-2 178 66 37 1720 66 
2058 AnyWeapon 10A-1 36 22 60 358 22 
2059 AnyWeapon 11A 105 32 31 1212 32 
2060 AnyWeapon 13 199 77 38 1114 77 
2061 AnyWeapon 18 130 45 34 723 45 
2062 AnyWeapon 19A 25 10 38 144 10 
2063 AnyWeapon 19A-1 22 8 34 113 8 
2064 AnyWeapon 22-1 173 39 22 1110 39 
2065 AnyWeapon 22-1 185 66 36 1086 66 
2066 AnyWeapon 23-1 44 21 47 220 21 
2067 AnyWeapon 23-1 29 12 40 220 12 
2068 AnyWeapon 23-2 54 6 12 326 1 5 100 0
2069 AnyWeapon 23-2 19 10 50 67 10 
2070 AnyWeapon 23-3 29 11 37 179 11 
2071 AnyWeapon 23-3 24 13 56 62 13 
2072 AnyWeapon 24-1 134 26 19 803 26 
2073 AnyWeapon 24-2 70 23 32 457 23 
2074 AnyWeapon 29 58 13 23 370 13 
2075 AnyWeapon 30 126 53 42 488 4 48 100 0
2076 AnyWeapon 30A-1 40 9 22 217 9 
2077 AnyWeapon 31 111 36 33 503 36 
2078 AnyWeapon 31 85 22 26 407 22 
2079 AnyWeapon 32A-1 36 12 34 150 12 
2080 AnyWeapon 36-1 183 69 38 798 69 
2081 AnyWeapon 36B-1 82 26 32 475 26 
2082 AnyWeapon 37 51 14 28 243 14 
2083 AnyWeapon 37 74 36 49 290 36 
2084 AnyWeapon 37A 68 13 19 335 13 
2085 AnyWeapon 39-1 565 108 19 3979 108 
2086 AnyWeapon 39-2 463 134 29 3423 4 130 100 0
2087 AnyWeapon 40-1 134 40 30 903 40 
2088 AnyWeapon 41-1 119 16 13 461 16 
2089 AnyWeapon 43-1 94 37 39 686 37 
2090 AnyWeapon 44 142 35 24 730 35 
2091 AnyWeapon 46-2 61 11 18 205 11 
2092 AnyWeapon 48-1 191 50 26 1088 50 
2093 AnyWeapon 48-2 181 75 41 1332 75 
2094 AnyWeapon 48-3 20 6 33 104 6 
2095 AnyWeapon 51 133 45 34 508 45 
2096 AnyWeapon 54 193 42 22 1067 42 
2097 AnyWeapon 55-2 41 14 35 242 14 
2098 AnyWeapon 56 50 19 38 235 19 
2099 AnyWeapon 58 185 70 38 1052 70 
2100 AnyWeapon 59-1 241 100 42 1052 100 
2101 AnyWeapon 60-1 333 138 42 1543 138 
2102 AnyWeapon 60-2 275 212 77 1261 212 
2103 AnyWeapon 61 89 32 36 433 32 
2104 AnyWeapon 62-1 94 38 40 775 38 
2105 AnyWeapon 63 356 172 48 2438 172 
2106 AnyWeapon 66-2 351 105 30 1718 1 104 100 0
2107 AnyWeapon 66-2 354 158 45 1561 158 
2108 AnyWeapon 66A 43 22 50 106 22 
2109 AnyWeapon 67-1 38 15 40 285 15 
2110 AnyWeapon 76 648 263 40 3450 263 
2111 AnyWeapon 76-1 80 24 31 325 24 
2112 AnyWeapon 1-2 25 19 77 518 6 13 19.4 30.6
2113 AnyWeapon 13 307 123 40 2216 107 15 10.8 49.4
2114 AnyWeapon 31 100 49 49 581 38 11 10.1 52.6
2115 AnyWeapon 39-3 41 19 46 171 8 11 85.5 0
2116 AnyWeapon 52 20 12 63 140 9 4 25.7 59
2117 AnyWeapon 62-1 38 6 16 180 4 2 100 0
2118 AnyWeapon 63 244 131 54 1547 108 23 26.1 28.7
2119 Archery 18 38 15 40 390 15 19.3 51.6
2120 Archery 39 48 16 34 452 16 14.6 70.7
2121 Archery 40-1 19 6 31 208 6 0 100
2122 Archery 44 24 10 43 220 10 0 60.1
2123 Archery 45-1 25 5 20 252 5 0 100
2124 Archery 46-1 15 2 15 130 2 0 42.9
2125 Archery 54 21 14 66 196 14 0 85.6
2126 Muzzleloader 22 86 19 22 452 19 
2127 Muzzleloader 24 1 0 0 12 
2128 Muzzleloader 30A 46 18 38 304 11 6 11.1 44.4
2129 Muzzleloader 32A-2 64 4 7 393 4 
2130 Muzzleloader 33-1 24 15 64 141 15 
2131 Muzzleloader 33-2 46 9 19 362 9 59 14.8
2132 Muzzleloader 36A-1 16 4 26 117 3 1 33.3 33.3
2133 Muzzleloader 36A-2 91 33 36 465 24 8 14.1 40.4
2134 Muzzleloader 39 50 16 32 383 16 0 82.6
2135 Muzzleloader 39 470 76 16 3449 76 
2136 Muzzleloader 46-1 15 4 28 119 4 0 50
2137 Muzzleloader 48 27 2 8 115 2 
2138 Muzzleloader 49 78 17 22 366 14 3 0 38.6
2139 Muzzleloader 50-1 89 39 44 456 36 2 0 54.8
2140 Muzzleloader 54 21 12 55 177 12 0 100
2141 Muzzleloader 55-2 10 5 46 63 5 0 26.1
2142 Muzzleloader 61 173 38 22 1000 4 34 0 0
2143 Muzzleloader 64-1 33 6 18 169 6 25 50
2144 Muzzleloader 66-1 49 18 36 220 18 7.5 77.4
2145 AnyWeapon 1 23 7 31 214 7 
2146 AnyWeapon 2 22 7 30 234 7 
2147 AnyWeapon 3 25 5 19 205 5 
2148 Archery 4 25 19 74 145 19 
2149 Archery 5 24 4 17 166 4 
2150 AnyWeapon 6 24 18 77 124 18 
2151 AnyWeapon 29 19 3 16 84 3 
2152 AnyWeapon 30 17 8 44 87 8 
2153 AnyWeapon 37 21 5 25 67 5 
2154 AnyWeapon 44 39 17 44 125 17 
2155 AnyWeapon 49 42 12 29 162 12 
2156 AnyWeapon 54 43 21 48 163 21 
2157 AnyWeapon 60-1 88 29 32 416 29 
2158 AnyWeapon 66-2 85 38 45 368 38 
2159 AnyWeapon 31 47 17 36 158 14 3 9.3 46.5
2160 AnyWeapon 32-1X 75 24 32 402 24 
2161 AnyWeapon 32-1X 117 19 16 504 19 
2162 AnyWeapon 36AX 92 58 63 310 58 
2163 AnyWeapon 41-1X 63 1 2 197 1 
2164 AnyWeapon 10A-1 30 24 81 129 24 
2165 AnyWeapon 14-1 26 23 89 114 23 
2166 AnyWeapon 14-2 29 18 63 148 18 
2167 AnyWeapon 21A-1X 2 0 0 7 
2168 AnyWeapon 22-2X 106 41 39 550 41 
2169 AnyWeapon 24-1X 23 14 59 173 14 
2170 AnyWeapon 31-1X 108 52 49 697 2 51 100 0
2171 AnyWeapon 31-2X 61 34 56 287 34 
2172 AnyWeapon 39-1X 54 10 18 385 10 
2173 AnyWeapon 39-2X 62 46 74 270 46 
2174 AnyWeapon 40-1X 107 67 62 566 67 
2175 AnyWeapon 41-1X 31 5 17 114 5 
2176 AnyWeapon 44-1X 117 57 49 463 57 
2177 AnyWeapon 44-1X 28 21 74 167 21 
2178 Muzzleloader 45-1X 16 1 9 116 1 
2178 Muzzleloader 45-1X 16 1 9 116 1 
2178 Muzzleloader 45-1X 16 1 9 116 1 
2178 Muzzleloader 45-1X 16 1 9 116 1 
2179 AnyWeapon 45-1X 10 4 33 72 4 
2180 AnyWeapon 46-1X 74 37 50 276 37 
2181 AnyWeapon 46-1X 46 10 20 275 10 
2182 AnyWeapon 49-1X 80 37 46 536 37 
2183 AnyWeapon 49-1X 59 20 33 425 20 
2184 AnyWeapon 50-1X 25 22 86 57 22 
2185 AnyWeapon 51-1X 8 3 43 15 3 
2186 AnyWeapon 52-1X 24 9 37 127 9 
2187 AnyWeapon 52-1X 14 4 29 72 4 
2188 AnyWeapon 54-1X 9 0 0 37 
2189 AnyWeapon 54-1X 8 5 60 18 5 
2190 AnyWeapon 66A-1X 7 4 50 19 4 
2191 AnyWeapon 68-1X 17 7 41 77 7 
2192 AnyWeapon 69-1X 5 1 20 38 1 
2193 AnyWeapon 74-1X 49 32 64 341 32 
2194 AnyWeapon 75-1X 32 19 60 91 19 
2195 AnyWeapon 76-1X 135 76 57 676 76 
2196 AnyWeapon 77-1X 12 9 78 91 9 
2197 AnyWeapon 11 4 1 32 35 1 0 100
2198 AnyWeapon 13 14 13 93 70 13 0 64.1
2199 AnyWeapon 18 9 7 76 50 7 0 83.3
2200 AnyWeapon 29 6 4 75 27 4 0 0
2202 AnyWeapon 36A-1 3 3 100 13 3 0 100
2204 AnyWeapon 36A-2 7 7 100 23 7 0 71.4
2205 Muzzleloader 36A-2 4 1 25 26 1 0 100
2206 AnyWeapon 37 2 2 100 2 2 0 0
2207 AnyWeapon 37 3 3 100 6 3 
2210 AnyWeapon 37A 5 3 60 18 3 0 66.7
2211 AnyWeapon 40-1 1 1 100 24 1 0 0
2212 AnyWeapon 42 1 1 100 6 1 0 100
2213 AnyWeapon 43 4 2 62 20 2 0 0
2214 AnyWeapon 44 2 0 0 18 
2215 AnyWeapon 45 3 0 0 20 
2217 Archery 45-1 1 0 0 6 
2218 AnyWeapon 49 9 6 72 44 6 0 53.8
2219 AnyWeapon 50-1 4 4 100 13 4 0 75
2220 Muzzleloader 50-1 1 1 100 4 1 0 0
2221 Archery 54 2 2 100 8 2 0 100
2223 AnyWeapon 54 3 1 33 7 1 
2224 AnyWeapon 58-1 2 2 100 5 2 0 100
2225 AnyWeapon 61 2 1 50 13 1 0 0
2227 AnyWeapon 62-1 5 5 100 16 5 0 60
2229 AnyWeapon 66A-1 2 2 100 11 2 0 100
2230 AnyWeapon 66A-1 12 10 83 57 10 10 20