"Take Method",Unit,Harvest,Hunters,Success%,Days,Antlered,Antlerless,%Spike,%6+Pts
AnyWeapon 1 280 3055 9 15465 180 100 39.5 16.5
AnyWeapon 2 74 1255 6 6496 63 12 32.2 19.6
AnyWeapon 3 211 1922 11 9123 133 78 38.9 4.7
AnyWeapon 4 318 3244 10 17690 179 140 43 23.1
AnyWeapon 4A 38 415 9 2579 31 8 79.6 0
AnyWeapon 5 247 1401 18 7921 192 55 46.4 6.8
AnyWeapon 6 452 2612 17 15492 256 196 42.3 18.6
AnyWeapon 7 37 355 10 1990 37 0 48.6
AnyWeapon 8 197 827 24 4406 111 86 28.7 11.6
AnyWeapon 8A 273 1517 18 8608 228 45 31 16.7
AnyWeapon 9 4 87 5 414 4 0 100
AnyWeapon 10 60 486 12 3404 60 26.6 31.2
AnyWeapon 10A 370 2090 18 16230 360 10 41.9 12.3
AnyWeapon 11A 49 209 23 1116 35 14 14.2 45.5
AnyWeapon 12 23 183 13 1237 23 7.4 41
AnyWeapon 14 219 660 33 3737 219 40 20.4
AnyWeapon 15 56 433 13 2808 56 33.1 9.1
AnyWeapon 16 22 164 14 880 20 2 7.4 32.1
AnyWeapon 16A 26 259 10 1746 26 22.1 26.3
AnyWeapon 17 65 538 12 3554 65 2.6 37.1
AnyWeapon 19 72 340 21 2221 72 14.2 34.5
AnyWeapon 19A 72 467 16 2874 72 21.1 29.7
AnyWeapon 20 35 234 15 1546 35 9.6 39.9
AnyWeapon 20A 54 276 20 1703 54 11.8 33.9
AnyWeapon 21 124 441 28 2578 124 26.8 42.5
AnyWeapon 21A 216 625 35 3807 208 8 41.8 11.7
AnyWeapon 22 325 1822 18 9468 170 155 28.7 22.7
AnyWeapon 23 157 1282 12 6880 152 5 26.6 20
AnyWeapon 24 88 1169 8 6088 74 15 32.3 21.3
AnyWeapon 25 38 585 6 3554 38 56.8 36.3
AnyWeapon 26 40 263 15 1517 35 5 3.4 30.2
AnyWeapon 27 141 850 17 5127 141 0 26
AnyWeapon 28 277 931 30 5497 201 76 18.3 18.4
AnyWeapon 29 112 281 40 1831 112 
AnyWeapon 30 76 154 49 784 76 
AnyWeapon 30A 4 14 28 46 4 
AnyWeapon 31 1 1 100 1 1 0 100
AnyWeapon 32 220 1139 19 5058 116 104 27.6 40.9
AnyWeapon 32A 395 1925 20 8952 220 176 33 17.7
AnyWeapon 33 156 638 24 4040 156 23.3 19.7
AnyWeapon 34 26 204 13 1082 26 9.8 11.5
AnyWeapon 35 58 244 24 1305 58 22.1 6.7
AnyWeapon 36 121 622 19 3931 121 31.2 25.3
AnyWeapon 36A 225 528 43 2202 1 224 0 100
AnyWeapon 36B 124 590 21 3550 103 21 49.1 8.7
AnyWeapon 37 34 116 29 658 34 
AnyWeapon 37A 24 101 24 572 24 
AnyWeapon 39 410 3434 12 14689 410 27 24.2
AnyWeapon 43 1 29 3 169 1 
AnyWeapon 44 56 240 23 1072 56 
AnyWeapon 45 45 446 10 2832 45 
AnyWeapon 46 11 168 6 953 9 2 0 66.5
AnyWeapon 47 0 4 0 11  
AnyWeapon 48 0 7 0 31  
AnyWeapon 49 110 762 14 3956 110 
AnyWeapon 50 341 1045 33 4867 341 
AnyWeapon 51 38 58 66 226 5 34 0 0
AnyWeapon 52 23 163 14 937 23 
AnyWeapon 52A 43 250 17 1373 43 
AnyWeapon 53 18 186 10 1723 9 9 40.2 0
AnyWeapon 54 0 6 0 36  
AnyWeapon 55 0 2 0 3  
AnyWeapon 56 0 2 0 4  
AnyWeapon 58 16 22 73 79 1 14 100 0
AnyWeapon 59 1 1 100 3 1 
AnyWeapon 59A 6 18 33 109 6 
AnyWeapon 60 0 19 0 111  
AnyWeapon 60A 0 4 0 32  
AnyWeapon 61 0 12 0 97  
AnyWeapon 62 0 16 0 16  
AnyWeapon 63 0 8 0 33  
AnyWeapon 63A 7 46 16 608 7 
AnyWeapon 64 33 172 19 495 33 0 44
AnyWeapon 65 4 135 3 424 4 0 0
AnyWeapon 66 199 1198 17 4508 137 61 8.3 41.1
AnyWeapon 67 32 184 18 695 32 40.5 50.8
AnyWeapon 68 51 235 22 1171 51 
AnyWeapon 68A 0 12 0 14  
AnyWeapon 69 216 1337 16 4745 156 61 14.8 15.6
AnyWeapon 70 21 156 13 629 21 
AnyWeapon 71 26 133 20 445 26 
AnyWeapon 72 69 291 24 1275 2 67 0 0
AnyWeapon 73 11 221 5 906 1 10 100 0
AnyWeapon 73A 12 106 11 390 12 
AnyWeapon 74 74 374 20 1844 74 
AnyWeapon 75 84 574 15 2704 34 50 4 30.3
AnyWeapon 77 64 393 16 1497 30 35 0 38.9
AnyWeapon 78 74 448 17 1995 48 27 21.3 23.7