Hunt#,TakeMethod,Area,Hunters,Harvest,Success%,Days,Horned,Hornless,"Avg. Horn Length (in.)"
4001 AnyWeapon 29-1 43 41 96 102 36 5 1270
4002 AnyWeapon 30-1 27 18 66 149 15 3 910
4003 AnyWeapon 36B-1 9 8 83 48 8 1280
4004 AnyWeapon 37-1 60 53 87 139 53 1310
4005 AnyWeapon 38-1 10 9 89 39 9 1310
4006 AnyWeapon 39 41 31 76 171 31 1260
4007 AnyWeapon 40 67 39 58 255 36 2 1270
4008 AnyWeapon 41-1 179 78 44 851 57 21 1230
4009 AnyWeapon 44-1 75 65 88 210 65 1100
4010 AnyWeapon 45-1 13 10 81 35 10 1240
4011 AnyWeapon 46 62 52 85 204 47 6 1280
4012 AnyWeapon 49 25 20 81 93 18 2 1000
4013 AnyWeapon 50 75 61 82 197 59 3 1250
4014 AnyWeapon 51-1 75 69 92 175 65 4 1160
4015 AnyWeapon 52-1 26 18 70 122 17 1 1070
4016 AnyWeapon 52A-1 50 36 72 148 34 1 1270
4017 AnyWeapon 54 31 22 70 145 20 2 1380
4018 AnyWeapon 55-1 10 9 87 37 9 1410
4019 AnyWeapon 58 50 43 86 144 43 1110
4020 AnyWeapon 59-1 50 43 87 183 41 3 1230
4021 AnyWeapon 60A-1 16 14 86 53 12 1 970
4022 AnyWeapon 63-1 49 37 77 166 37 1190
4023 AnyWeapon 68 25 19 78 103 19 1310
4024 AnyWeapon 76-1 6 6 100 7 6 1260
4025 AnyWeapon 44-2 87 42 48 265 4 38 70
4026 AnyWeapon 63-2 19 6 33 52 6 
4027 AnyWeapon 63-3 21 14 65 61 14 
4028 AnyWeapon 28-1 201 62 31 992 62 1130
4029 Archery 30A-1 189 38 20 1130 38 1070
4030 Archery 36-1 177 29 16 793 23 5 1170
4031 Archery 40-1 148 39 26 525 34 5 1100
4032 Archery 40-1 237 83 35 977 77 6 1060
4033 Archery 44-3 210 33 16 1183 29 4 1280
4034 Archery 46-1 33 14 44 162 13 1 1210
4035 Archery 46-1 185 47 25 739 42 5 1000
4036 Archery 49-1 164 32 19 931 23 9 1060
4037 Archery 51-2 172 23 13 901 15 8 1020
4038 Archery 52A-1 92 12 12 456 12 1080
4039 Archery 54 17 2 14 97 2 1300
4040 Archery 55-1 10 1 12 62 1 1100
4041 Archery 59A-1 230 56 24 1335 48 8 1050
4042 Archery 60A-1 25 1 5 91 1 
4043 Archery 68 17 1 8 102 1 1500
4044 Archery 68 47 4 8 211 4 1400
4045 Muzzleloader 30A 36 19 54 117 19 970
4046 Muzzleloader 41-2 37 20 55 128 20 1040
4047 Muzzleloader 47 44 17 39 184 15 2 1130
4048 Muzzleloader 63-2 40 15 38 212 14 1 1250
4049 Muzzleloader 63-2 42 17 40 155 16 1 1100
4050 Short-Range Weapons 36A-1 18 16 91 38 16 1370
4051 Short-Range Weapons 61-1 15 4 25 52 2 1 600
4052 AnyWeapon 32-1 11 4 38 85 4 1200
4053 Archery 39 5 0 0 51  
4054 AnyWeapon 39 17 7 40 58 7 
4055 AnyWeapon 54 19 6 34 71 6 
4056 Muzzleloader 63-2 22 14 60 152 12 2 810
4057 AnyWeapon 45-1X 3 1 33 28 1 
4058 AnyWeapon 46-1X 42 22 52 141 22